#Layer_Color=9474304
#
#Feature symbol names
#
$0 r5

#
#Feature attribute names
#

#
#Layer features
#
L 0.0255276 0.23 0.0335276 0.23 0 P 0
L 0.0255276 0.3284252 0.0335276 0.3284252 0 P 0
L 0.0255276 0.4268504 0.0335276 0.4268504 0 P 0
L 0.0255276 0.5252756 0.0335276 0.5252756 0 P 0
L 0.0255276 0.6237008 0.0335276 0.6237008 0 P 0
L 0.0255276 0.722126 0.0335276 0.722126 0 P 0
L 0.0255276 0.8205512 0.0335276 0.8205512 0 P 0
L 0.0255276 0.9189764 0.0335276 0.9189764 0 P 0
L 0.0255276 1.0174016 0.0335276 1.0174016 0 P 0
L 0.0255276 1.1158268 0.0335276 1.1158268 0 P 0
L 0.0255276 1.214252 0.0335276 1.214252 0 P 0
L 0.0255276 1.3126772 0.0335276 1.3126772 0 P 0
L 0.0255276 2.2303149 0.0335276 2.2303149 0 P 0
L 0.0255276 2.3295984 0.0335276 2.3295984 0 P 0
L 0.0255276 2.4288819 0.0335276 2.4288819 0 P 0
L 0.0255276 2.5281654 0.0335276 2.5281654 0 P 0
L 0.0255276 2.6274489 0.0335276 2.6274489 0 P 0
L 0.0295276 0.226 0.0295276 0.234 0 P 0
L 0.0295276 0.3244252 0.0295276 0.3324252 0 P 0
L 0.0295276 0.4228504 0.0295276 0.4308504 0 P 0
L 0.0295276 0.5212756 0.0295276 0.5292756 0 P 0
L 0.0295276 0.6197008 0.0295276 0.6277008 0 P 0
L 0.0295276 0.718126 0.0295276 0.726126 0 P 0
L 0.0295276 0.8165512 0.0295276 0.8245512 0 P 0
L 0.0295276 0.9149764 0.0295276 0.9229764 0 P 0
L 0.0295276 1.0134016 0.0295276 1.0214016 0 P 0
L 0.0295276 1.1118268 0.0295276 1.1198268 0 P 0
L 0.0295276 1.210252 0.0295276 1.218252 0 P 0
L 0.0295276 1.3086772 0.0295276 1.3166772 0 P 0
L 0.0295276 2.2263149 0.0295276 2.2343149 0 P 0
L 0.0295276 2.3255984 0.0295276 2.3335984 0 P 0
L 0.0295276 2.4248819 0.0295276 2.4328819 0 P 0
L 0.0295276 2.5241654 0.0295276 2.5321654 0 P 0
L 0.0295276 2.6234489 0.0295276 2.6314489 0 P 0
L 0.0393701 3.0570866 0.1456693 3.0570866 0 P 0
L 0.0452756 0.0984252 0.1515748 0.0984252 0 P 0
L 0.0925197 3.003937 0.0925197 3.1102362 0 P 0
L 0.0984252 0.0452756 0.0984252 0.1515748 0 P 0
L 0.1239528 1.3126672 0.1319528 1.3126672 0 P 0
L 0.1239528 2.2303149 0.1319528 2.2303149 0 P 0
L 0.1279528 1.3086672 0.1279528 1.3166672 0 P 0
L 0.1279528 2.2263149 0.1279528 2.2343149 0 P 0
L 0.2026929 3.0774016 0.2106929 3.0774016 0 P 0
L 0.2066929 3.0734016 0.2066929 3.0814016 0 P 0
L 0.2113479 2.9848819 0.2193479 2.9848819 0 P 0
L 0.2153479 2.9808819 0.2153479 2.9888819 0 P 0
L 0.2159697 2.8574016 0.2239697 2.8574016 0 P 0
L 0.2199697 2.8534016 0.2199697 2.8614016 0 P 0
L 0.222378 1.3126672 0.230378 1.3126672 0 P 0
L 0.222378 2.2302673 0.230378 2.2302673 0 P 0
L 0.226378 1.3086672 0.226378 1.3166672 0 P 0
L 0.226378 2.2262673 0.226378 2.2342673 0 P 0
L 0.2322205 2.6125434 0.2402205 2.6125434 0 P 0
L 0.2362205 2.6085434 0.2362205 2.6165434 0 P 0
L 0.2516709 2.4877246 0.2596709 2.4877246 0 P 0
L 0.2556709 2.4837246 0.2556709 2.4917246 0 P 0
L 0.2715906 2.6870079 0.2795906 2.6870079 0 P 0
L 0.2719055 1.3126772 0.2799055 1.3126772 0 P 0
L 0.2719055 1.3617772 0.2799055 1.3617772 0 P 0
L 0.2719055 1.4601969 0.2799055 1.4601969 0 P 0
L 0.2719055 1.5586166 0.2799055 1.5586166 0 P 0
L 0.2719055 1.6570363 0.2799055 1.6570363 0 P 0
L 0.2719055 1.755456 0.2799055 1.755456 0 P 0
L 0.2719055 1.8538757 0.2799055 1.8538757 0 P 0
L 0.2719055 1.9522954 0.2799055 1.9522954 0 P 0
L 0.2719055 2.0507151 0.2799055 2.0507151 0 P 0
L 0.2719055 2.1491348 0.2799055 2.1491348 0 P 0
L 0.2719055 2.2303149 0.2799055 2.2303149 0 P 0
L 0.2755906 2.6830079 0.2755906 2.6910079 0 P 0
L 0.2759055 1.3086772 0.2759055 1.3166772 0 P 0
L 0.2759055 1.3577772 0.2759055 1.3657772 0 P 0
L 0.2759055 1.4561969 0.2759055 1.4641969 0 P 0
L 0.2759055 1.5546166 0.2759055 1.5626166 0 P 0
L 0.2759055 1.6530363 0.2759055 1.6610363 0 P 0
L 0.2759055 1.751456 0.2759055 1.759456 0 P 0
L 0.2759055 1.8498757 0.2759055 1.8578757 0 P 0
L 0.2759055 1.9482954 0.2759055 1.9562954 0 P 0
L 0.2759055 2.0467151 0.2759055 2.0547151 0 P 0
L 0.2759055 2.1451348 0.2759055 2.1531348 0 P 0
L 0.2759055 2.2263149 0.2759055 2.2343149 0 P 0
L 0.3011181 2.3661417 0.3091181 2.3661417 0 P 0
L 0.3011181 2.5295276 0.3091181 2.5295276 0 P 0
L 0.3051181 2.3621417 0.3051181 2.3701417 0 P 0
L 0.3051181 2.5255276 0.3051181 2.5335276 0 P 0
L 0.3166495 1.979439 0.3246495 1.979439 0 P 0
L 0.3206495 1.975439 0.3206495 1.983439 0 P 0
L 0.3306457 1.3487785 0.3386457 1.3487785 0 P 0
L 0.3306457 2.5590551 0.3386457 2.5590551 0 P 0
L 0.3346457 1.3447785 0.3346457 1.3527785 0 P 0
L 0.3346457 2.5550551 0.3346457 2.5630551 0 P 0
L 0.3418063 1.5802756 0.3498063 1.5802756 0 P 0
L 0.3430898 2.5859685 0.3510898 2.5859685 0 P 0
L 0.3458063 1.5762756 0.3458063 1.5842756 0 P 0
L 0.3470898 2.5819685 0.3470898 2.5899685 0 P 0
L 0.3769685 0.2362206 0.4269685 0.2362206 0 P 0
L 0.4 1.8101804 0.408 1.8101804 0 P 0
L 0.4019685 0.2112206 0.4019685 0.2612206 0 P 0
L 0.4025686 3.0204496 0.4105686 3.0204496 0 P 0
L 0.404 1.8061804 0.404 1.8141804 0 P 0
L 0.4065686 3.0164496 0.4065686 3.0244496 0 P 0
L 0.4111377 0.6102363 0.4191377 0.6102363 0 P 0
L 0.4111654 2.5416772 0.4191654 2.5416772 0 P 0
L 0.4111654 2.5771103 0.4191654 2.5771103 0 P 0
L 0.4111654 2.6125434 0.4191654 2.6125434 0 P 0
L 0.4120206 0.8884728 0.4200206 0.8884728 0 P 0
L 0.4151377 0.6062363 0.4151377 0.6142363 0 P 0
L 0.4151654 2.5376772 0.4151654 2.5456772 0 P 0
L 0.4151654 2.5731103 0.4151654 2.5811103 0 P 0
L 0.4151654 2.6085434 0.4151654 2.6165434 0 P 0
L 0.4160206 0.8844728 0.4160206 0.8924728 0 P 0
L 0.4444021 2.258656 0.4524021 2.258656 0 P 0
L 0.4484021 2.254656 0.4484021 2.262656 0 P 0
L 0.449248 1.1852619 0.457248 1.1852619 0 P 0
L 0.449248 1.4098021 0.457248 1.4098021 0 P 0
L 0.4505354 2.5416772 0.4585354 2.5416772 0 P 0
L 0.4505354 2.5771103 0.4585354 2.5771103 0 P 0
L 0.4505354 2.6125434 0.4585354 2.6125434 0 P 0
L 0.453248 1.1812619 0.453248 1.1892619 0 P 0
L 0.453248 1.4058021 0.453248 1.4138021 0 P 0
L 0.4545354 2.5376772 0.4545354 2.5456772 0 P 0
L 0.4545354 2.5731103 0.4545354 2.5811103 0 P 0
L 0.4545354 2.6085434 0.4545354 2.6165434 0 P 0
L 0.4652205 2.4448819 0.4732205 2.4448819 0 P 0
L 0.4687821 3.0207528 0.4767821 3.0207528 0 P 0
L 0.469 2.2933071 0.477 2.2933071 0 P 0
L 0.4692205 2.4408819 0.4692205 2.4488819 0 P 0
L 0.4727821 3.0167528 0.4727821 3.0247528 0 P 0
L 0.473 2.2893071 0.473 2.2973071 0 P 0
L 0.4769685 0.2362206 0.5269685 0.2362206 0 P 0
L 0.4770826 1.6447637 0.4850826 1.6447637 0 P 0
L 0.4810826 1.6407637 0.4810826 1.6487637 0 P 0
L 0.4867638 2.9236378 0.4947638 2.9236378 0 P 0
L 0.4907638 2.9196378 0.4907638 2.9276378 0 P 0
L 0.4973821 1.411493 0.5053821 1.411493 0 P 0
L 0.4979685 2.1850394 0.5059685 2.1850394 0 P 0
L 0.5013821 1.407493 0.5013821 1.415493 0 P 0
L 0.5019685 0.2112206 0.5019685 0.2612206 0 P 0
L 0.5019685 2.1810394 0.5019685 2.1890394 0 P 0
L 0.5171207 2.5044344 0.5251207 2.5044344 0 P 0
L 0.5200744 2.8145392 0.5280744 2.8145392 0 P 0
L 0.5211207 2.5004344 0.5211207 2.5084344 0 P 0
L 0.5240744 2.8105392 0.5240744 2.8185392 0 P 0
L 0.5258191 2.5859685 0.5338191 2.5859685 0 P 0
L 0.5288314 2.5295276 0.5368314 2.5295276 0 P 0
L 0.5298191 2.5819685 0.5298191 2.5899685 0 P 0
L 0.5328314 2.5255276 0.5328314 2.5335276 0 P 0
L 0.564401 1.6388588 0.572401 1.6388588 0 P 0
L 0.5646033 1.8862864 0.5726033 1.8862864 0 P 0
L 0.568401 1.6348588 0.568401 1.6428588 0 P 0
L 0.5684649 2.3467424 0.5764649 2.3467424 0 P 0
L 0.5686033 1.8822864 0.5686033 1.8902864 0 P 0
L 0.5724649 2.3427424 0.5724649 2.3507424 0 P 0
L 0.575688 1.326236 0.583688 1.326236 0 P 0
L 0.5769685 0.2362206 0.6269685 0.2362206 0 P 0
L 0.579688 1.322236 0.579688 1.330236 0 P 0
L 0.5865512 0.667815 0.5945512 0.667815 0 P 0
L 0.5865512 0.7283465 0.5945512 0.7283465 0 P 0
L 0.5905512 0.663815 0.5905512 0.671815 0 P 0
L 0.5905512 0.7243465 0.5905512 0.7323465 0 P 0
L 0.6019685 0.2112206 0.6019685 0.2612206 0 P 0
L 0.6170187 0.9153543 0.6250187 0.9153543 0 P 0
L 0.6210187 0.9113543 0.6210187 0.9193543 0 P 0
L 0.6456063 2.746063 0.6536063 2.746063 0 P 0
L 0.6475747 2.6839055 0.6555747 2.6839055 0 P 0
L 0.6496063 2.742063 0.6496063 2.750063 0 P 0
L 0.6515747 2.6799055 0.6515747 2.6879055 0 P 0
L 0.669276 2.9848819 0.677276 2.9848819 0 P 0
L 0.669276 3.0774016 0.677276 3.0774016 0 P 0
L 0.672374 0.5307056 0.680374 0.5307056 0 P 0
L 0.673276 2.9808819 0.673276 2.9888819 0 P 0
L 0.673276 3.0734016 0.673276 3.0814016 0 P 0
L 0.676374 0.5267056 0.676374 0.5347056 0 P 0
L 0.6948189 1.9488189 0.7028189 1.9488189 0 P 0
L 0.6948189 2.2193307 0.7028189 2.2193307 0 P 0
L 0.6988189 1.9448189 0.6988189 1.9528189 0 P 0
L 0.6988189 2.2153307 0.6988189 2.2233307 0 P 0
L 0.7085983 1.6136523 0.7165983 1.6136523 0 P 0
L 0.7125983 1.6096523 0.7125983 1.6176523 0 P 0
L 0.7170067 1.4521352 0.7250067 1.4521352 0 P 0
L 0.7210067 1.4481352 0.7210067 1.4561352 0 P 0
L 0.7356692 0.7036614 0.7436692 0.7036614 0 P 0
L 0.7365013 1.3253836 0.7445013 1.3253836 0 P 0
L 0.7396692 0.6996614 0.7396692 0.7076614 0 P 0
L 0.7405013 1.3213836 0.7405013 1.3293836 0 P 0
L 0.7440315 1.9783465 0.7520315 1.9783465 0 P 0
L 0.7480315 1.9743465 0.7480315 1.9823465 0 P 0
L 0.749056 0.6299213 0.757056 0.6299213 0 P 0
L 0.753056 0.6259213 0.753056 0.6339213 0 P 0
L 0.7637165 0.4330709 0.7717165 0.4330709 0 P 0
L 0.7637165 0.7874016 0.7717165 0.7874016 0 P 0
L 0.7677165 0.4290709 0.7677165 0.4370709 0 P 0
L 0.7677165 0.7834016 0.7677165 0.7914016 0 P 0
L 0.7932441 1.4468504 0.8012441 1.4468504 0 P 0
L 0.7972441 1.4428504 0.7972441 1.4508504 0 P 0
L 0.8079291 0.7376697 0.8159291 0.7376697 0 P 0
L 0.8119291 0.7336697 0.8119291 0.7416697 0 P 0
L 0.8218662 1.9705201 0.8298662 1.9705201 0 P 0
L 0.8218662 2.3875785 0.8298662 2.3875785 0 P 0
L 0.8258662 1.9665201 0.8258662 1.9745201 0 P 0
L 0.8258662 2.3835785 0.8258662 2.3915785 0 P 0
L 0.8309339 1.2841624 0.8389339 1.2841624 0 P 0
L 0.8349339 1.2801624 0.8349339 1.2881624 0 P 0
L 0.855 2.9974016 0.905 2.9974016 0 P 0
L 0.8596472 1.689818 0.8676472 1.689818 0 P 0
L 0.8621417 1.8046693 0.8701417 1.8046693 0 P 0
L 0.8636472 1.685818 0.8636472 1.693818 0 P 0
L 0.8661417 1.8006693 0.8661417 1.8086693 0 P 0
L 0.8700158 0.8661417 0.8780158 0.8661417 0 P 0
L 0.8740158 0.8621417 0.8740158 0.8701417 0 P 0
L 0.88 2.9724016 0.88 3.0224016 0 P 0
L 0.8887023 1.1329764 0.8967023 1.1329764 0 P 0
L 0.8927023 1.1289764 0.8927023 1.1369764 0 P 0
L 0.8947008 1.4527083 0.9027008 1.4527083 0 P 0
L 0.8987008 1.4487083 0.8987008 1.4567083 0 P 0
L 0.9093859 1.5952756 0.9173859 1.5952756 0 P 0
L 0.9093859 2.4595496 0.9173859 2.4595496 0 P 0
L 0.9113543 0.4410631 0.9193543 0.4410631 0 P 0
L 0.9133859 1.5912756 0.9133859 1.5992756 0 P 0
L 0.9133859 2.4555496 0.9133859 2.4635496 0 P 0
L 0.9153543 0.4370631 0.9153543 0.4450631 0 P 0
L 0.9261181 1.2773715 0.9341181 1.2773715 0 P 0
L 0.9301181 1.2733715 0.9301181 1.2813715 0 P 0
L 0.9308227 1.9705201 0.9388227 1.9705201 0 P 0
L 0.9348227 1.9665201 0.9348227 1.9745201 0 P 0
L 0.9408819 2.3228346 0.9488819 2.3228346 0 P 0
L 0.9448819 2.3188346 0.9448819 2.3268346 0 P 0
L 0.9472442 0.1968505 0.9984252 0.1968505 0 P 0
L 0.955 2.9974016 1.005 2.9974016 0 P 0
L 0.9651656 0.6855031 0.9731656 0.6855031 0 P 0
L 0.9691656 0.6815031 0.9691656 0.6895031 0 P 0
L 0.9704094 1.6240157 0.9784094 1.6240157 0 P 0
L 0.9728347 0.17126 0.9728347 0.222441 0 P 0
L 0.9744094 1.6200157 0.9744094 1.6280157 0 P 0
L 0.9780668 2.4311024 0.9860668 2.4311024 0 P 0
L 0.98 2.9724016 0.98 3.0224016 0 P 0
L 0.9820668 2.4271024 0.9820668 2.4351024 0 P 0
L 0.9900945 0.9153543 0.9980945 0.9153543 0 P 0
L 0.9940945 0.9113543 0.9940945 0.9193543 0 P 0
L 0.9977978 2.2953217 1.0057978 2.2953217 0 P 0
L 1.0017978 2.2913217 1.0017978 2.2993217 0 P 0
L 1.0097795 2.3917323 1.0177795 2.3917323 0 P 0
L 1.0137795 2.3877323 1.0137795 2.3957323 0 P 0
L 1.0211656 1.2735912 1.0291656 1.2735912 0 P 0
L 1.0251656 1.2695912 1.0251656 1.2775912 0 P 0
L 1.0294646 2.519685 1.0374646 2.519685 0 P 0
L 1.0311688 1.1515748 1.0391688 1.1515748 0 P 0
L 1.0326198 1.4002372 1.0406198 1.4002372 0 P 0
L 1.0334646 2.515685 1.0334646 2.523685 0 P 0
L 1.0351688 1.1475748 1.0351688 1.1555748 0 P 0
L 1.0366198 1.3962372 1.0366198 1.4042372 0 P 0
L 1.0472442 0.1968505 1.0984252 0.1968505 0 P 0
L 1.055 2.9974016 1.105 2.9974016 0 P 0
L 1.0712676 1.8785604 1.0792676 1.8785604 0 P 0
L 1.0720038 1.5692266 1.0800038 1.5692266 0 P 0
L 1.0728347 0.17126 1.0728347 0.222441 0 P 0
L 1.0752676 1.8745604 1.0752676 1.8825604 0 P 0
L 1.0760038 1.5652266 1.0760038 1.5732266 0 P 0
L 1.08 2.9724016 1.08 3.0224016 0 P 0
L 1.1082046 2.53937 1.1162046 2.53937 0 P 0
L 1.1082047 2.4999999 1.1162047 2.4999999 0 P 0
L 1.1122046 2.53537 1.1122046 2.54337 0 P 0
L 1.1122047 2.4959999 1.1122047 2.5039999 0 P 0
L 1.1132048 1.2548424 1.1212048 1.2548424 0 P 0
L 1.1172048 1.2508424 1.1172048 1.2588424 0 P 0
L 1.1197991 2.4094487 1.1277991 2.4094487 0 P 0
L 1.1237991 2.4054487 1.1237991 2.4134487 0 P 0
L 1.1278898 2.519685 1.1358898 2.519685 0 P 0
L 1.1318898 2.515685 1.1318898 2.523685 0 P 0
L 1.1456484 1.6874736 1.1536484 1.6874736 0 P 0
L 1.1472442 0.1968505 1.1984252 0.1968505 0 P 0
L 1.1475747 2.5393701 1.1555747 2.5393701 0 P 0
L 1.1475748 2.234252 1.1555748 2.234252 0 P 0
L 1.1475748 2.5 1.1555748 2.5 0 P 0
L 1.1496484 1.6834736 1.1496484 1.6914736 0 P 0
L 1.1515747 2.5353701 1.1515747 2.5433701 0 P 0
L 1.1515748 2.230252 1.1515748 2.238252 0 P 0
L 1.1515748 2.496 1.1515748 2.504 0 P 0
L 1.1624171 0.5213346 1.1704171 0.5213346 0 P 0
L 1.1656915 0.2971489 1.1736915 0.2971489 0 P 0
L 1.1656915 0.7874016 1.1736915 0.7874016 0 P 0
L 1.1664171 0.5173346 1.1664171 0.5253346 0 P 0
L 1.1670432 2.6186539 1.1750432 2.6186539 0 P 0
L 1.1696915 0.2931489 1.1696915 0.3011489 0 P 0
L 1.1696915 0.7834016 1.1696915 0.7914016 0 P 0
L 1.1710432 2.6146539 1.1710432 2.6226539 0 P 0
L 1.1728347 0.17126 1.1728347 0.222441 0 P 0
L 1.1919664 1.5767564 1.1999664 1.5767564 0 P 0
L 1.1959664 1.5727564 1.1959664 1.5807564 0 P 0
L 1.2142873 2.0961417 1.2222873 2.0961417 0 P 0
L 1.2142873 2.234252 1.2222873 2.234252 0 P 0
L 1.2182873 2.0921417 1.2182873 2.1001417 0 P 0
L 1.2182873 2.230252 1.2182873 2.238252 0 P 0
L 1.2244832 1.6956379 1.2324832 1.6956379 0 P 0
L 1.2284832 1.6916379 1.2284832 1.6996379 0 P 0
L 1.2472442 0.1968505 1.2984252 0.1968505 0 P 0
L 1.2558425 0.984252 1.2638425 0.984252 0 P 0
L 1.2598425 0.980252 1.2598425 0.988252 0 P 0
L 1.2710196 2.6125434 1.2790196 2.6125434 0 P 0
L 1.2728347 0.17126 1.2728347 0.222441 0 P 0
L 1.2750196 2.6085434 1.2750196 2.6165434 0 P 0
L 1.3148976 1.6952756 1.3228976 1.6952756 0 P 0
L 1.3188976 1.6912756 1.3188976 1.6992756 0 P 0
L 1.3345827 0.7775591 1.3425827 0.7775591 0 P 0
L 1.3385827 0.7735591 1.3385827 0.7815591 0 P 0
L 1.3472442 0.1968505 1.3984252 0.1968505 0 P 0
L 1.3512096 1.1852619 1.3592096 1.1852619 0 P 0
L 1.3552096 1.1812619 1.3552096 1.1892619 0 P 0
L 1.3641102 2.6091888 1.3721102 2.6091888 0 P 0
L 1.3643654 1.4952756 1.3899654 1.4952756 0 P 0
L 1.3643654 1.5452756 1.3899654 1.5452756 0 P 0
L 1.3643654 1.5952756 1.3899654 1.5952756 0 P 0
L 1.3643654 1.6452756 1.3899654 1.6452756 0 P 0
L 1.3643654 1.6952756 1.3899654 1.6952756 0 P 0
L 1.3681102 2.6051888 1.3681102 2.6131888 0 P 0
L 1.3691103 0.4379358 1.3771103 0.4379358 0 P 0
L 1.3728347 0.17126 1.3728347 0.222441 0 P 0
L 1.3731103 0.4339358 1.3731103 0.4419358 0 P 0
L 1.3771654 1.4824756 1.3771654 1.5080756 0 P 0
L 1.3771654 1.5324756 1.3771654 1.5580756 0 P 0
L 1.3771654 1.5824756 1.3771654 1.6080756 0 P 0
L 1.3771654 1.6324756 1.3771654 1.6580756 0 P 0
L 1.3771654 1.6824756 1.3771654 1.7080756 0 P 0
L 1.379576 2.5667552 1.387576 2.5667552 0 P 0
L 1.383576 2.5627552 1.383576 2.5707552 0 P 0
L 1.4143654 1.4952756 1.4399654 1.4952756 0 P 0
L 1.4143654 1.5452756 1.4399654 1.5452756 0 P 0
L 1.4143654 1.5952756 1.4399654 1.5952756 0 P 0
L 1.4143654 1.6452756 1.4399654 1.6452756 0 P 0
L 1.4143654 1.6952756 1.4399654 1.6952756 0 P 0
L 1.4271654 1.4824756 1.4271654 1.5080756 0 P 0
L 1.4271654 1.5324756 1.4271654 1.5580756 0 P 0
L 1.4271654 1.5824756 1.4271654 1.6080756 0 P 0
L 1.4271654 1.6324756 1.4271654 1.6580756 0 P 0
L 1.4271654 1.6824756 1.4271654 1.7080756 0 P 0
L 1.4299676 2.9784342 1.4379676 2.9784342 0 P 0
L 1.4299676 3.015668 1.4379676 3.015668 0 P 0
L 1.4339676 2.9744342 1.4339676 2.9824342 0 P 0
L 1.4339676 3.011668 1.4339676 3.019668 0 P 0
L 1.4472442 0.1968505 1.4984252 0.1968505 0 P 0
L 1.4507368 0.4841338 1.4587368 0.4841338 0 P 0
L 1.4547368 0.4801338 1.4547368 0.4881338 0 P 0
L 1.4562965 1.7751176 1.4642965 1.7751176 0 P 0
L 1.4602965 1.7711176 1.4602965 1.7791176 0 P 0
L 1.4650354 1.6952756 1.4730354 1.6952756 0 P 0
L 1.4650354 2.568252 1.4730354 2.568252 0 P 0
L 1.4690354 1.6912756 1.4690354 1.6992756 0 P 0
L 1.4690354 2.564252 1.4690354 2.572252 0 P 0
L 1.4728347 0.17126 1.4728347 0.222441 0 P 0
L 1.4822205 1.230315 1.4902205 1.230315 0 P 0
L 1.4862205 1.226315 1.4862205 1.234315 0 P 0
L 1.4897204 2.3917323 1.4977204 2.3917323 0 P 0
L 1.4937204 2.3877323 1.4937204 2.3957323 0 P 0
L 1.4966102 2.4539567 1.5046102 2.4539567 0 P 0
L 1.5006102 2.4499567 1.5006102 2.4579567 0 P 0
L 1.5050143 2.9907398 1.5130143 2.9907398 0 P 0
L 1.5090143 2.9867398 1.5090143 2.9947398 0 P 0
L 1.5104331 0.7913041 1.5184331 0.7913041 0 P 0
L 1.5104331 0.889567 1.5184331 0.889567 0 P 0
L 1.5144331 0.7873041 1.5144331 0.7953041 0 P 0
L 1.5144331 0.885567 1.5144331 0.893567 0 P 0
L 1.5155752 1.7624886 1.5235752 1.7624886 0 P 0
L 1.5195752 1.7584886 1.5195752 1.7664886 0 P 0
L 1.5212164 1.9488189 1.5292164 1.9488189 0 P 0
L 1.5252164 1.9448189 1.5252164 1.9528189 0 P 0
L 1.5412756 2.5673257 1.5492756 2.5673257 0 P 0
L 1.5452756 2.5633257 1.5452756 2.5713257 0 P 0
L 1.5480614 2.6925248 1.5560614 2.6925248 0 P 0
L 1.5520614 2.6885248 1.5520614 2.6965248 0 P 0
L 1.5522897 3.0198913 1.5602897 3.0198913 0 P 0
L 1.5562897 3.0158913 1.5562897 3.0238913 0 P 0
L 1.5708031 2.1844177 1.5788031 2.1844177 0 P 0
L 1.5723767 2.1062992 1.5803767 2.1062992 0 P 0
L 1.5748031 2.1804177 1.5748031 2.1884177 0 P 0
L 1.5763767 2.1022992 1.5763767 2.1102992 0 P 0
L 1.6101732 1.8405512 1.6181732 1.8405512 0 P 0
L 1.6141732 1.8365512 1.6141732 1.8445512 0 P 0
L 1.7233819 2.2834647 1.7313819 2.2834647 0 P 0
L 1.7233819 2.4494417 1.7313819 2.4494417 0 P 0
L 1.7273819 2.2794647 1.7273819 2.2874647 0 P 0
L 1.7273819 2.4454417 1.7273819 2.4534417 0 P 0
L 1.738126 2.9402054 1.746126 2.9402054 0 P 0
L 1.742126 2.9362054 1.742126 2.9442054 0 P 0
L 1.7543857 0.5893206 1.7623857 0.5893206 0 P 0
L 1.7583857 0.5853206 1.7583857 0.5933206 0 P 0
L 1.8107124 2.992644 1.8187124 2.992644 0 P 0
L 1.8139764 0.201693 1.8639764 0.201693 0 P 0
L 1.8147124 2.988644 1.8147124 2.996644 0 P 0
L 1.8389764 0.176693 1.8389764 0.226693 0 P 0
L 1.8660787 2.8149606 1.8740787 2.8149606 0 P 0
L 1.8700787 2.8109606 1.8700787 2.8189606 0 P 0
L 1.8972848 0.5811024 1.9052848 0.5811024 0 P 0
L 1.8972848 0.6801181 1.9052848 0.6801181 0 P 0
L 1.9012848 0.5771024 1.9012848 0.5851024 0 P 0
L 1.9012848 0.6761181 1.9012848 0.6841181 0 P 0
L 1.9067945 0.7953137 1.9147945 0.7953137 0 P 0
L 1.9107945 0.7913137 1.9107945 0.7993137 0 P 0
L 1.9139764 0.201693 1.9639764 0.201693 0 P 0
L 1.9152913 1.457515 1.9232913 1.457515 0 P 0
L 1.9192913 1.453515 1.9192913 1.461515 0 P 0
L 1.9389764 0.176693 1.9389764 0.226693 0 P 0
L 1.9448189 0.7660255 1.9528189 0.7660255 0 P 0
L 1.9448189 1.169825 1.9528189 1.169825 0 P 0
L 1.9488189 0.7620255 1.9488189 0.7700255 0 P 0
L 1.9488189 1.165825 1.9488189 1.173825 0 P 0
L 2.0128108 3.0667126 2.0208108 3.0667126 0 P 0
L 2.0139764 0.201693 2.0639764 0.201693 0 P 0
L 2.0144583 0.4433071 2.0224583 0.4433071 0 P 0
L 2.0168108 3.0627126 2.0168108 3.0707126 0 P 0
L 2.0184583 0.4393071 2.0184583 0.4473071 0 P 0
L 2.0203162 1.1614173 2.0283162 1.1614173 0 P 0
L 2.0206063 2.4842995 2.0286063 2.4842995 0 P 0
L 2.0243162 1.1574173 2.0243162 1.1654173 0 P 0
L 2.0246063 2.4802995 2.0246063 2.4882995 0 P 0
L 2.0389764 0.176693 2.0389764 0.226693 0 P 0
L 2.0646745 2.0748032 2.0726745 2.0748032 0 P 0
L 2.0686745 2.0708032 2.0686745 2.0788032 0 P 0
L 2.0931985 0.7057086 2.1011985 0.7057086 0 P 0
L 2.0931985 0.7568897 2.1011985 0.7568897 0 P 0
L 2.0971985 0.7017086 2.0971985 0.7097086 0 P 0
L 2.0971985 0.7528897 2.0971985 0.7608897 0 P 0
L 2.1016365 0.6538541 2.1096365 0.6538541 0 P 0
L 2.1022992 0.6200787 2.1102992 0.6200787 0 P 0
L 2.1056365 0.6498541 2.1056365 0.6578541 0 P 0
L 2.1062992 0.6160787 2.1062992 0.6240787 0 P 0
L 2.1214088 0.4145408 2.1294088 0.4145408 0 P 0
L 2.1254088 0.4105408 2.1254088 0.4185408 0 P 0
L 2.1603321 2.5114145 2.1683321 2.5114145 0 P 0
L 2.1613543 0.984252 2.1693543 0.984252 0 P 0
L 2.1643321 2.5074145 2.1643321 2.5154145 0 P 0
L 2.1653543 0.980252 2.1653543 0.988252 0 P 0
L 2.1942521 2.3573622 2.2022521 2.3573622 0 P 0
L 2.1978346 0.1968504 2.2478346 0.1968504 0 P 0
L 2.1982521 2.3533622 2.1982521 2.3613622 0 P 0
L 2.2132213 1.1614173 2.2212213 1.1614173 0 P 0
L 2.2132213 1.9705201 2.2212213 1.9705201 0 P 0
L 2.2172213 1.1574173 2.2172213 1.1654173 0 P 0
L 2.2172213 1.9665201 2.2172213 1.9745201 0 P 0
L 2.2228346 0.1718504 2.2228346 0.2218504 0 P 0
L 2.2238775 0.6594488 2.2318775 0.6594488 0 P 0
L 2.2238775 0.6988189 2.2318775 0.6988189 0 P 0
L 2.2238775 0.738189 2.2318775 0.738189 0 P 0
L 2.2238775 0.7775591 2.2318775 0.7775591 0 P 0
L 2.2278775 0.6554488 2.2278775 0.6634488 0 P 0
L 2.2278775 0.6948189 2.2278775 0.7028189 0 P 0
L 2.2278775 0.734189 2.2278775 0.742189 0 P 0
L 2.2278775 0.7735591 2.2278775 0.7815591 0 P 0
L 2.2400945 0.4393702 2.2480945 0.4393702 0 P 0
L 2.2440945 0.4353702 2.2440945 0.4433702 0 P 0
L 2.2632476 0.6594488 2.2712476 0.6594488 0 P 0
L 2.2632476 0.6988189 2.2712476 0.6988189 0 P 0
L 2.2632476 0.738189 2.2712476 0.738189 0 P 0
L 2.2632476 0.7775591 2.2712476 0.7775591 0 P 0
L 2.2672476 0.6554488 2.2672476 0.6634488 0 P 0
L 2.2672476 0.6948189 2.2672476 0.7028189 0 P 0
L 2.2672476 0.734189 2.2672476 0.742189 0 P 0
L 2.2672476 0.7735591 2.2672476 0.7815591 0 P 0
L 2.2676972 2.2355988 2.2756972 2.2355988 0 P 0
L 2.2716972 2.2315988 2.2716972 2.2395988 0 P 0
L 2.2893071 2.2100083 2.2973071 2.2100083 0 P 0
L 2.2933071 2.2060083 2.2933071 2.2140083 0 P 0
L 2.2978346 0.1968504 2.3478346 0.1968504 0 P 0
L 2.3019313 2.3925785 2.3099313 2.3925785 0 P 0
L 2.3019313 2.4901574 2.3099313 2.4901574 0 P 0
L 2.3026176 0.6594488 2.3106176 0.6594488 0 P 0
L 2.3026176 0.6988189 2.3106176 0.6988189 0 P 0
L 2.3026176 0.738189 2.3106176 0.738189 0 P 0
L 2.3026176 0.7775591 2.3106176 0.7775591 0 P 0
L 2.3036772 2.1844177 2.3116772 2.1844177 0 P 0
L 2.3059313 2.3885785 2.3059313 2.3965785 0 P 0
L 2.3059313 2.4861574 2.3059313 2.4941574 0 P 0
L 2.3066176 0.6554488 2.3066176 0.6634488 0 P 0
L 2.3066176 0.6948189 2.3066176 0.7028189 0 P 0
L 2.3066176 0.734189 2.3066176 0.742189 0 P 0
L 2.3066176 0.7735591 2.3066176 0.7815591 0 P 0
L 2.3076772 2.1804177 2.3076772 2.1884177 0 P 0
L 2.3228193 1.1515748 2.3308193 1.1515748 0 P 0
L 2.3228346 0.1718504 2.3228346 0.2218504 0 P 0
L 2.3268193 1.1475748 2.3268193 1.1555748 0 P 0
L 2.3286772 0.9350394 2.3366772 0.9350394 0 P 0
L 2.3326772 0.9310394 2.3326772 0.9390394 0 P 0
L 2.3387807 1.2416857 2.3467807 1.2416857 0 P 0
L 2.3427807 1.2376857 2.3427807 1.2456857 0 P 0
L 2.3719843 2.0363385 2.3799843 2.0363385 0 P 0
L 2.3759843 2.0323385 2.3759843 2.0403385 0 P 0
L 2.3783446 1.210315 2.3863446 1.210315 0 P 0
L 2.3823446 1.206315 2.3823446 1.214315 0 P 0
L 2.3978346 0.1968504 2.4478346 0.1968504 0 P 0
L 2.4188346 0.8080708 2.4268346 0.8080708 0 P 0
L 2.4228346 0.1718504 2.4228346 0.2218504 0 P 0
L 2.4228346 0.8040708 2.4228346 0.8120708 0 P 0
L 2.4369449 1.2598425 2.4449449 1.2598425 0 P 0
L 2.4409449 1.2558425 2.4409449 1.2638425 0 P 0
L 2.4510497 1.5687069 2.4590497 1.5687069 0 P 0
L 2.4510497 1.6207069 2.4590497 1.6207069 0 P 0
L 2.4510497 1.6712542 2.4590497 1.6712542 0 P 0
L 2.4550497 1.5647069 2.4550497 1.5727069 0 P 0
L 2.4550497 1.6167069 2.4550497 1.6247069 0 P 0
L 2.4550497 1.6672542 2.4550497 1.6752542 0 P 0
L 2.46215 0.6083464 2.47015 0.6083464 0 P 0
L 2.4660497 0.6515438 2.4740497 0.6515438 0 P 0
L 2.46615 0.6043464 2.46615 0.6123464 0 P 0
L 2.4664724 1.4468504 2.4744724 1.4468504 0 P 0
L 2.4680079 0.7057086 2.4760079 0.7057086 0 P 0
L 2.4700497 0.6475438 2.4700497 0.6555438 0 P 0
L 2.4704724 1.4428504 2.4704724 1.4508504 0 P 0
L 2.4720079 0.7017086 2.4720079 0.7097086 0 P 0
L 2.5273822 0.6342924 2.5353822 0.6342924 0 P 0
L 2.5313822 0.6302924 2.5313822 0.6382924 0 P 0
L 2.5550551 2.3129921 2.5630551 2.3129921 0 P 0
L 2.5590551 2.3089921 2.5590551 2.3169921 0 P 0
L 2.5658877 2.0173836 2.5738877 2.0173836 0 P 0
L 2.5698877 2.0133836 2.5698877 2.0213836 0 P 0
L 2.5897057 2.2355988 2.5977057 2.2355988 0 P 0
L 2.5937057 2.2315988 2.5937057 2.2395988 0 P 0
L 2.6102144 2.2085996 2.6182144 2.2085996 0 P 0
L 2.6112364 2.1245079 2.6192364 2.1245079 0 P 0
L 2.6141102 0.984252 2.6221102 0.984252 0 P 0
L 2.6142144 2.2045996 2.6142144 2.2125996 0 P 0
L 2.6152364 2.1205079 2.6152364 2.1285079 0 P 0
L 2.6181102 0.980252 2.6181102 0.988252 0 P 0
L 2.6396532 2.0748032 2.6476532 2.0748032 0 P 0
L 2.6436532 2.0708032 2.6436532 2.0788032 0 P 0
L 2.6642762 0.4822835 2.6722762 0.4822835 0 P 0
L 2.6682762 0.4782835 2.6682762 0.4862835 0 P 0
L 2.7685861 0.4433071 2.7765861 0.4433071 0 P 0
L 2.772544 1.1318898 2.780544 1.1318898 0 P 0
L 2.7725861 0.4393071 2.7725861 0.4473071 0 P 0
L 2.776544 1.1278898 2.776544 1.1358898 0 P 0
L 2.7814331 2.3260824 2.7894331 2.3260824 0 P 0
L 2.7854331 2.3220824 2.7854331 2.3300824 0 P 0
L 2.8614404 0.6988189 2.8694404 0.6988189 0 P 0
L 2.8654404 0.6948189 2.8654404 0.7028189 0 P 0
L 2.92791 1.9488189 2.93591 1.9488189 0 P 0
L 2.9306455 0.6988189 2.9386455 0.6988189 0 P 0
L 2.93191 1.9448189 2.93191 1.9528189 0 P 0
L 2.9346455 0.6948189 2.9346455 0.7028189 0 P 0
L 2.9980315 0.0984252 3.1043307 0.0984252 0 P 0
L 2.9980315 3.0511811 3.1043307 3.0511811 0 P 0
L 3.0511811 0.0452756 3.0511811 0.1515748 0 P 0
L 3.0511811 2.9980315 3.0511811 3.1043307 0 P 0
L 3.0726298 2.398716 3.0806298 2.398716 0 P 0
L 3.0766298 2.394716 3.0766298 2.402716 0 P 0
L 3.0963937 1.1122047 3.1043937 1.1122047 0 P 0
L 3.1003937 1.1082047 3.1003937 1.1162047 0 P 0
